0000001001001101
0000001001011111
0000001001110010
0000001010000110
0000001010011010
0000001010101110
0000001011000100
0000001011011010
0000001011110000
0000001100001000
0000001100100000
0000001100111001
0000001101010010
0000001101101100
0000001110000111
0000001110100011
0000001111000000
0000001111011110
0000001111111100
0000010000011011
0000010000111100
0000010001011101
0000010001111111
0000010010100010
0000010011000111
0000010011101100
0000010100010010
0000010100111010
0000010101100011
0000010110001101
0000010110111000
0000010111100100
0000011000010010
0000011001000000
0000011001110001
0000011010100010
0000011011010101
0000011100001010
0000011101000000
0000011101110111
0000011110110000
0000011111101011
0000100000100111
0000100001100101
0000100010100101
0000100011100110
0000100100101001
0000100101101110
0000100110110101
0000100111111110
0000101001001001
0000101010010101
0000101011100100
0000101100110101
0000101110001000
0000101111011101
0000110000110100
0000110010001101
0000110011101001
0000110101000111
0000110110101000
0000111000001010
0000111001110000
0000111011010111
0000111101000010
0000111110101110
0001000000011110
0001000010010000
0001000100000100
0001000101111100
0001000111110110
0001001001110011
0001001011110011
0001001101110101
0001001111111011
0001010010000011
0001010100001110
0001010110011101
0001011000101110
0001011011000010
0001011101011001
0001011111110011
0001100010010001
0001100100110001
0001100111010101
0001101001111011
0001101100100101
0001101111010001
0001110010000001
0001110100110100
0001110111101010
0001111010100010
0001111101011110
0010000000011101
0010000011011111
0010000110100100
0010001001101100
0010001100110111
0010010000000101
0010010011010101
0010010110101000
0010011001111110
0010011101010111
0010100000110010
0010100100010000
0010100111110001
0010101011010011
0010101110111000
0010110010100000
0010110110001010
0010111001110101
0010111101100011
0011000001010011
0011000101000100
0011001000111000
0011001100101101
0011010000100011
0011010100011011
0011011000010100
0011011100001111
0011100000001010
0011100100000111
0011101000000100
0011101100000010
0011110000000001
0011110100000000
0011111000000000
0011111100000000
0100000000000000
0100000011111111
0100000111111111
0100001011111111
0100001111111110
0100010011111101
0100010111111011
0100011011111000
0100011111110101
0100100011110000
0100100111101011
0100101011100100
0100101111011100
0100110011010010
0100110111000111
0100111010111011
0100111110101100
0101000010011100
0101000110001010
0101001001110101
0101001101011111
0101010001000111
0101010100101100
0101011000001110
0101011011101111
0101011111001101
0101100010101000
0101100110000001
0101101001010111
0101101100101010
0101101111111010
0101110011001000
0101110110010011
0101111001011011
0101111100100000
0101111111100010
0110000010100001
0110000101011101
0110001000010101
0110001011001011
0110001101111110
0110010000101110
0110010011011010
0110010110000100
0110011000101010
0110011011001110
0110011101101110
0110100000001100
0110100010100110
0110100100111101
0110100111010001
0110101001100010
0110101011110001
0110101101111100
0110110000000100
0110110010001010
0110110100001100
0110110110001100
0110111000001001
0110111010000011
0110111011111011
0110111101101111
0110111111100001
0111000001010001
0111000010111101
0111000100101000
0111000110001111
0111000111110101
0111001001010111
0111001010111000
0111001100010110
0111001101110010
0111001111001011
0111010000100010
0111010001110111
0111010011001010
0111010100011011
0111010101101010
0111010110110110
0111011000000001
0111011001001010
0111011010010001
0111011011010110
0111011100011001
0111011101011010
0111011110011010
0111011111011000
0111100000010100
0111100001001111
0111100010001000
0111100010111111
0111100011110101
0111100100101010
0111100101011101
0111100110001110
0111100110111111
0111100111101101
0111101000011011
0111101001000111
0111101001110010
0111101010011100
0111101011000101
0111101011101101
0111101100010011
0111101100111000
0111101101011101
0111101110000000
0111101110100010
0111101111000011
0111101111100100
0111110000000011
0111110000100001
0111110000111111
0111110001011100
0111110001111000
0111110010010011
0111110010101101
0111110011000110
0111110011011111
0111110011110111
0111110100001111
0111110100100101
0111110100111011
0111110101010001
0111110101100101
0111110101111001
0111110110001101
0111110110100000
